*SECtype
锁扣钢管桩

*Param1
3.406 1.107 10.7 8.7 -1.319 1.55 1.05 2.5

*Param2
3.906 12.0 拉森Ⅵ 820.0 14.0 1490.0

*Param3
False True 0.5 0.0

*LaSen3
276.0 400.0 7640.0 113333.0 113333.0 4119280000.0 67200000.0 24704000.0 200.0 200.0 138.0 138.0 5780.0 50000.0 1480.0 0.0 200.0 138.0 -200.0 138.0 200.0 138.0 200.0 -138.0 -200.0 -138.0 536000.0 145280.0

*LaSen4
340.0 400.0 9700.0 113333.0 113333.0 4119280000.0 154400000.0 61760000.0 200.0 200.0 170.0 170.0 14450.0 50000.0 1480.0 0.0 200.0 170.0 -200.0 170.0 200.0 170.0 200.0 -170.0 -200.0 -170.0 2270000.0 2270000.0

*LaSen6
420.0 600.0 13530.0 210000.0 210000.0 10907029820.0 340200000.0 204120000.0 300.0 300.0 210.0 210.0 22050.0 75000.0 2040.0 0.0 300.0 210.0 -300.0 210.0 300.0 210.0 300.0 -210.0 -300.0 -210.0 0.0 0.0

*Waler
1.0 2HM588X300 426X6钢管桩 630X8钢管桩 0 / 2800 1800
1.5 2HN700X300 630X8钢管桩 820X10钢管桩 0 / 2500 1500

*Concrete
True C20 20.0
False C20 2.0

*ELASTICLINK
10000000.0 1000000.0 1000000.0 1.0 1.0 1.0

*Solid
1-1人工填士 黏土 2.922 17.0 0.0 10.0
2a-1-1淤泥 黏土 2.274 16.7 11.3 1.1
4-3-2粉质黏土 黏土 3.1 18.9 16.6 8.3
4-3-3粉质黏土 黏土 5.1 19.8 36.7 14.3


